82
1 3 6
2 4
3 1 6 7
4 2
5 6
6 1 3 5 7
7 3 6 8
8 7 9 30
9 8 12
10 11
11 10 14
12 9 15
13 14
14 11 13 16 17
15 12 16
16 14 15
17 14 18
18 17 21
19 20 21 23
20 19
21 18 19 22 30 32
22 21
23 19 24
24 23 25 28
25 24 26
26 25 28 29
27
28 24 26 39
29 26
30 8 21 34 70
31 35
32 21 35
33 35
34 30 35
35 31 32 33 34 36 37
36 35 56
37 35 38
38 37 39
39 28 38 40
40 39 41
41 40 43
42 35 45
43 41 44
44 43 45
45 42 44 46 48
46 45 47
47 46 54
48 45
49 50 51 53
50 49
51 49
52 53
53 46 49 52 54
54 47 53 55
55 54 56 57
56 36 55 57 58 59 61
57 55 56 59
58 56 60
60 58 61
61 56 62 63
62 59 61
63 61 68
64 65 67 68
65 66 69
66 65 67
67 64 66 69
68 63 64 69
69 65 67 68
70 30 71 72 74 82
71 70 73 74
72 70 73 74
73 71 72
74 70 71 72
75 79
76 77
77 76 78
78 77 79 80
79 75 78 82
80 78 81
81 80 82
82 70 79 81
